    1   26   19    7   Pro-Administration       0.206 -0.198  0.397 -0.228 -0.314 -0.116
       100             Anti-Administration      0.259  0.004
    2   27   16   11   Pro-Administration       0.039 -0.252  0.333 -0.166 -0.387 -0.376
        52             Anti-Administration     -0.004 -0.113
    3   29   16   13   Pro-Administration       0.127 -0.262  0.576 -0.026 -0.425 -0.552
        78             Anti-Administration      0.140  0.051
    4   29   19   10   Federalist               0.124 -0.135  0.532  0.039 -0.649 -0.464
        82             Republican               0.298  0.054
    5   37   26   11   Federalist               0.218  0.065  0.538  0.202 -0.541 -0.258
       194             Republican               0.339  0.091
    6   36   25   11   Federalist               0.196  0.023  0.502  0.166 -0.501 -0.302
       116             Republican               0.356  0.179
    7   29   17   12   Republican               0.047 -0.189 -0.329 -0.281  0.579 -0.060
        78             Federalist              -0.227  0.155
    8   38   28   10   Republican              -0.030 -0.182 -0.279 -0.242  0.668 -0.017
       138             Federalist               0.051 -0.028
    9   32   25    7   Republican              -0.030 -0.153 -0.235 -0.173  0.701 -0.082
        84             Federalist              -0.080 -0.041
   10   35   28    7   Republican              -0.011 -0.044 -0.192 -0.009  0.712 -0.188
        83             Federalist              -0.102  0.026
   11   38   30    8   Republican               0.064 -0.012 -0.130  0.060  0.792 -0.283
       162             Federalist               0.038  0.051
   12   37   31    6   Republican              -0.076 -0.106 -0.234 -0.084  0.741 -0.217
       198             Federalist              -0.163 -0.021
   13   43   33   10   Republican              -0.074 -0.125 -0.315 -0.067  0.718 -0.317
       257             Federalist              -0.137  0.012
   14   44   29   15   Republican               0.029 -0.111 -0.284 -0.043  0.632 -0.242
       165             Federalist               0.062  0.025
   15   40   30   10   Republican               0.031 -0.016 -0.130  0.049  0.516 -0.212
       103             Federalist               0.070 -0.122
   16   51   41   10   Republican               0.093  0.042 -0.011  0.104  0.520 -0.215
       112             Federalist               0.071  0.010
   17   47   43    4   Republican               0.116  0.153  0.087  0.172  0.428 -0.054
        86             Federalist              -0.092 -0.108
   18   51   22   12   Crawford Republican      0.118  0.209  0.100  0.018 -0.209  0.297
       167             Jackson Republican      -0.138  0.109
   19   51   27   24   Jackson                  0.137  0.216 -0.123 -0.043  0.429  0.507
       209             Adams Democrat           0.110  0.211
   20   53   30   23   Jackson                  0.146  0.226 -0.109 -0.043  0.478  0.577
       231             Adams Democrat           0.225  0.144
   21   50   27   23   Jackson                  0.187  0.196 -0.127 -0.100  0.556  0.544
       261             Anti-Jackson             0.200  0.035
   22   52   27   22   Jackson                  0.134  0.155 -0.224  0.025  0.568  0.463
       393             Anti-Jackson             0.219  0.117
   23   52   28   22   Anti-Jackson             0.076  0.124  0.412  0.190 -0.351  0.117
       211             Jackson                  0.211 -0.050
   24   60   33   25   Jackson                 -0.115  0.149 -0.457  0.095  0.326  0.272
       399             Anti-Jackson            -0.122  0.075
   25   57   38   19   Democrat                -0.210  0.103 -0.446 -0.017  0.261  0.344
       375             Whig                    -0.226 -0.064
   26   57   32   25   Democrat                -0.189  0.035 -0.488 -0.103  0.195  0.211
       325             Whig                    -0.274 -0.016
   27   59   34   25   Whig                    -0.119  0.027  0.174  0.147 -0.517 -0.136
       810             Democrat                 0.100  0.142
   28   56   28   27   Whig                    -0.182 -0.016  0.126  0.172 -0.518 -0.198
       296             Democrat                -0.073  0.005
   29   61   35   25   Democrat                -0.234  0.064 -0.557 -0.119  0.169  0.319
       367             Whig                    -0.244  0.039
   30   68   44   23   Democrat                -0.278 -0.040 -0.479 -0.280  0.091  0.441
       328             Whig                    -0.279  0.011
   31   66   37   27   Democrat                -0.211  0.029 -0.461 -0.227  0.096  0.430
       488             Whig                    -0.189  0.052
   32   67   40   24   Democrat                -0.296  0.039 -0.484 -0.147 -0.049  0.430
       349             Whig                    -0.168  0.062
   33   66   39   22   Democrat                -0.299  0.009 -0.486 -0.136 -0.130  0.394
       540             Whig                    -0.220  0.047
   34   63   39   22   Democrat                -0.322  0.035 -0.496 -0.030 -0.032  0.161
       444             Opposition              -0.275 -0.021
   35   71   46   20   Democrat                -0.322 -0.011 -0.530  0.057  0.152 -0.260
       699             Republican              -0.376 -0.001
   36   69   40   27   Democrat                -0.272 -0.057 -0.539  0.024  0.129 -0.207
       604             Republican              -0.254  0.006
   37   65   34   23   Republican              -0.170 -0.065  0.070 -0.167 -0.487  0.059
       788             Democrat                 0.023 -0.079
   38   52   34   10   Republican              -0.079 -0.136  0.081 -0.201 -0.515  0.047
       598             Democrat                 0.016 -0.063
   39   56   42   10   Republican              -0.077 -0.151  0.045 -0.193 -0.544 -0.150
       496             Democrat                -0.011 -0.029
   40   67   57   10   Republican              -0.023  0.055  0.085  0.073 -0.638 -0.048
       715             Democrat                 0.044 -0.005
   41   78   65   13   Republican              -0.004  0.076  0.116  0.096 -0.609 -0.027
       740             Democrat                 0.005  0.013
   42   75   56   18   Republican              -0.045  0.038  0.131  0.092 -0.587 -0.113
       797             Democrat                 0.076 -0.003
   43   76   49   20   Republican              -0.051  0.025  0.158  0.097 -0.571 -0.106
       418             Democrat                -0.045  0.052
   44   79   46   32   Republican              -0.135  0.030  0.163  0.090 -0.569 -0.051
       417             Democrat                 0.029  0.017
   45   78   40   37   Republican              -0.189 -0.023  0.177  0.068 -0.587 -0.119
       579             Democrat                -0.213  0.042
   46   80   45   34   Democrat                -0.263 -0.108 -0.610 -0.118  0.192 -0.097
       557             Republican              -0.473 -0.022
   47   83   43   38   Republican              -0.177 -0.087  0.193 -0.110 -0.610 -0.072
       981             Democrat                -0.034 -0.028
   48   78   40   36   Republican              -0.185 -0.133  0.182 -0.189 -0.609 -0.094
       418             Democrat                -0.114 -0.000
   49   79   44   35   Republican              -0.173 -0.120  0.175 -0.145 -0.610 -0.088
       450             Democrat                -0.060 -0.022
   50   76   39   37   Republican              -0.206 -0.125  0.171 -0.172 -0.602 -0.076
       387             Democrat                 0.072 -0.019
   51   88   51   37   Republican              -0.138 -0.094  0.191 -0.081 -0.591 -0.112
       524             Democrat                 0.128 -0.041
   52   89   46   41   Republican              -0.157 -0.124  0.213 -0.091 -0.564 -0.211
       207             Democrat                -0.170 -0.024
   53   94   47   43   Democrat                -0.183 -0.115 -0.537 -0.219  0.205 -0.078
       542             Republican              -0.446 -0.008
   54   89   44   39   Republican              -0.122 -0.068  0.212 -0.024 -0.494 -0.227
       195             Democrat                -0.114 -0.034
   55   92   45   35   Republican              -0.071 -0.061  0.262 -0.144 -0.463 -0.177
       375             Democrat                 0.148 -0.043
   56   90   54   26   Republican               0.028 -0.051  0.294 -0.117 -0.435 -0.148
       167             Democrat                 0.212  0.051
   57   88   55   32   Republican               0.034 -0.072  0.298 -0.060 -0.407 -0.108
       115             Democrat                 0.210  0.085
   58   87   54   33   Republican               0.068 -0.162  0.347 -0.072 -0.387 -0.310
        91             Democrat                 0.225  0.004
   59   89   56   33   Republican               0.075 -0.180  0.351 -0.066 -0.393 -0.372
       122             Democrat                 0.213  0.010
   60   87   58   29   Republican               0.118 -0.172  0.353  0.018 -0.353 -0.551
        79             Democrat                 0.239  0.062
   61  100   62   38   Republican               0.086 -0.228  0.353  0.037 -0.349 -0.661
       260             Democrat                 0.330  0.003
   62  105   55   50   Republican               0.025 -0.248  0.335  0.058 -0.315 -0.585
       370             Democrat                 0.056 -0.057
   63  101   56   44   Democrat                -0.018 -0.273 -0.299 -0.562  0.341  0.084
       569             Republican              -0.206 -0.180
   64   98   57   41   Democrat                -0.016 -0.273 -0.296 -0.527  0.375  0.081
       404             Republican              -0.069 -0.164
   65  105   59   46   Democrat                 0.008 -0.287 -0.287 -0.592  0.386  0.105
       373             Republican               0.088 -0.157
   66  100   51   49   Republican               0.071 -0.234  0.408  0.115 -0.280 -0.596
       399             Democrat                 0.127 -0.044
   67  104   65   39   Republican               0.161 -0.135  0.416  0.132 -0.264 -0.580
       731             Democrat                 0.352 -0.083
   68  100   55   43   Republican               0.123 -0.103  0.393  0.136 -0.217 -0.455
       194             Democrat                 0.050 -0.011
   69  101   58   42   Republican               0.128 -0.076  0.376  0.172 -0.213 -0.444
       229             Democrat                 0.166  0.008
   70   99   51   47   Republican               0.087 -0.081  0.345  0.194 -0.193 -0.401
       185             Democrat                 0.102  0.064
   71  109   64   44   Republican               0.139 -0.052  0.357  0.128 -0.178 -0.336
       433             Democrat                 0.127  0.066
   72  102   51   50   Democrat                 0.099 -0.020 -0.119 -0.195  0.320  0.140
       255             Republican               0.144 -0.020
   73   99   62   36   Democrat                 0.064  0.007 -0.071 -0.070  0.291  0.113
       224             Republican              -0.045  0.026
   74   99   71   25   Democrat                 0.031  0.039 -0.056 -0.043  0.259  0.166
       189             Republican              -0.031  0.022
   75  100   80   16   Democrat                -0.001  0.047 -0.060  0.001  0.236  0.070
       170             Republican              -0.204  0.136
   76   99   70   25   Democrat                 0.032  0.048 -0.047  0.042  0.218 -0.065
       259             Republican              -0.017  0.089
   77  100   69   29   Democrat                 0.035  0.060 -0.047  0.109  0.220 -0.102
       173             Republican              -0.048  0.052
   78  100   59   40   Democrat                 0.085  0.046 -0.028  0.128  0.250 -0.093
       210             Republican               0.020 -0.066
   79  101   58   42   Democrat                 0.064  0.059 -0.056  0.210  0.225 -0.168
       237             Republican              -0.041 -0.006
   80   97   51   46   Republican               0.093  0.034  0.225 -0.216 -0.053  0.311
       237             Democrat                 0.149 -0.088
   81  102   57   45   Democrat                 0.025  0.012 -0.118  0.254  0.207 -0.295
       447             Republican              -0.050 -0.002
   82   97   50   47   Democrat                 0.065  0.010 -0.087  0.309  0.226 -0.308
       304             Republican              -0.015 -0.024
   83  103   52   50   Republican               0.069 -0.003  0.241 -0.368 -0.094  0.376
       242             Democrat                 0.036 -0.143
   84  100   51   48   Democrat                 0.036  0.004 -0.155  0.352  0.255 -0.368
       184             Republican              -0.035 -0.143
   85   99   51   48   Democrat                 0.025 -0.001 -0.187  0.366  0.251 -0.391
       255             Republican              -0.076 -0.043
   86  104   67   37   Democrat                -0.064  0.059 -0.234  0.332  0.242 -0.437
       360             Republican              -0.109 -0.034
   87  106   66   40   Democrat                -0.055  0.068 -0.251  0.379  0.267 -0.444
       400             Republican              -0.098  0.025
   88  104   71   33   Democrat                -0.099  0.098 -0.272  0.364  0.273 -0.476
       505             Republican              -0.097 -0.108
   89  103   70   33   Democrat                -0.105  0.107 -0.285  0.376  0.276 -0.464
       441             Republican              -0.064 -0.086
   90  102   65   37   Democrat                -0.099  0.071 -0.290  0.406  0.236 -0.517
       519             Republican              -0.054 -0.041
   91  103   58   45   Democrat                -0.059 -0.004 -0.286  0.431  0.234 -0.565
       557             Republican              -0.080  0.013
   92  103   55   46   Democrat                -0.042 -0.039 -0.279  0.405  0.228 -0.577
       783             Republican              -0.084  0.020
   93  103   57   44   Democrat                -0.058 -0.001 -0.313  0.393  0.255 -0.517
       987             Republican              -0.075 -0.060
   94  101   61   38   Democrat                -0.083  0.035 -0.305  0.368  0.252 -0.505
      1144             Republican              -0.109 -0.061
   95  105   66   38   Democrat                -0.102  0.063 -0.300  0.385  0.235 -0.521
      1038             Republican              -0.053 -0.077
   96  102   60   41   Democrat                -0.073  0.017 -0.295  0.366  0.245 -0.520
       928             Republican              -0.054 -0.045
   97  102   55   46   Republican               0.022 -0.062  0.273 -0.448 -0.283  0.374
       819             Democrat                 0.079 -0.065
   98  102   56   46   Republican               0.021 -0.074  0.274 -0.439 -0.287  0.371
       578             Democrat                 0.042 -0.050
   99  102   55   47   Republican               0.015 -0.060  0.284 -0.416 -0.300  0.356
       661             Democrat                 0.046 -0.075
  100  101   54   47   Democrat                -0.033 -0.018 -0.310  0.366  0.286 -0.459
       636             Republican              -0.021 -0.025
  101  102   56   46   Democrat                -0.034 -0.032 -0.309  0.286  0.300 -0.418
       500             Republican              -0.050 -0.000
  102  103   58   45   Democrat                -0.043 -0.035 -0.318  0.264  0.312 -0.420
       482             Republican              -0.038 -0.002
  103  102   58   44   Democrat                -0.043 -0.029 -0.328  0.241  0.333 -0.385
       647             Republican              -0.126  0.057
  104  104   55   49   Republican               0.027 -0.103  0.354 -0.357 -0.339  0.181
       806             Democrat                 0.113 -0.016
  105  101   55   46   Republican               0.050 -0.085  0.388 -0.290 -0.354  0.159
       486             Democrat                 0.100 -0.013
  106  103   56   47   Republican               0.051 -0.105  0.382 -0.320 -0.343  0.151
       540             Democrat                 0.214 -0.025
  107  102   51   50   Republican               0.027 -0.076  0.396 -0.309 -0.342  0.169
       457             Democrat                 0.028  0.027
  108  101   52   48   Republican               0.036 -0.078  0.390 -0.292 -0.340  0.162
       519             Democrat                 0.214 -0.024
  109  102   56   45   Republican               0.075 -0.096  0.429 -0.248 -0.358  0.103
       520             Democrat                 0.142 -0.053
  110  103   52   50   Republican               0.052 -0.045  0.456 -0.228 -0.353  0.132
       551             Democrat                -0.016  0.020
  111  108   63   44   Democrat                -0.023  0.011 -0.363  0.122  0.480 -0.163
       616             Republican              -0.249  0.028
  112  102   53   48   Democrat                 0.060  0.019 -0.360  0.107  0.540 -0.091
       410             Republican              -0.159  0.081
  113  104   56   46   Democrat                 0.030  0.039 -0.394  0.101  0.569 -0.044
       552             Republican              -0.410  0.035
