    1   63   36   27   Pro-Administration       0.354  0.093  0.583 -0.033  0.049  0.260
       109             Anti-Administration      0.269 -0.107
    2   67   37   30   Pro-Administration       0.353 -0.023  0.597  0.028  0.052 -0.086
       101             Anti-Administration      0.268  0.023
    3  101   51   50   Anti-Administration      0.322 -0.055  0.028 -0.173  0.621  0.066
        69             Pro-Administration       0.266 -0.033
    4  108   59   49   Republican               0.270  0.099 -0.012  0.013  0.610  0.204
        82             Federalist               0.166  0.013
    5  115   62   53   Federalist               0.346  0.051  0.676  0.150 -0.040 -0.065
       154             Republican               0.491  0.001
    6  108   62   46   Federalist               0.389 -0.005  0.673  0.072  0.007 -0.109
        95             Republican               0.534  0.080
    7  109   70   39   Republican               0.249  0.036  0.009 -0.003  0.680  0.104
       137             Federalist              -0.040 -0.082
    8  144  105   39   Republican               0.150  0.013 -0.033  0.038  0.643 -0.053
       128             Federalist               0.076 -0.003
    9  145  117   28   Republican               0.101  0.024 -0.023  0.052  0.617 -0.093
       154             Federalist               0.184  0.010
   10  143  116   27   Republican               0.110 -0.004 -0.002  0.039  0.594 -0.190
       228             Federalist               0.023  0.065
   11  151  101   50   Republican               0.177 -0.047 -0.027  0.060  0.589 -0.264
       291             Federalist               0.063  0.097
   12  145  108   37   Republican               0.108 -0.027 -0.052  0.066  0.575 -0.298
       313             Federalist              -0.018  0.059
   13  194  123   71   Republican               0.158 -0.022 -0.079  0.136  0.569 -0.296
       350             Federalist              -0.000  0.119
   14  189  124   65   Republican               0.147 -0.072 -0.064  0.092  0.550 -0.385
       113             Federalist               0.271  0.053
   15  187  147   40   Republican               0.049  0.033 -0.043  0.094  0.385 -0.190
       106             Federalist               0.061  0.024
   16  196  168   28   Republican               0.024  0.108 -0.007  0.122  0.208  0.027
       147             Federalist               0.099  0.107
   17  183  151   32   Republican               0.080  0.014  0.047  0.013  0.239  0.017
        94             Federalist               0.024 -0.000
   18  212   69   62   Adams-Clay Republican    0.078  0.040  0.284 -0.103  0.022  0.401
        93             Jackson Republican       0.136  0.089
   19  218  111  107   Adams Democrat           0.022  0.049  0.200 -0.151 -0.163  0.256
       111             Jackson                 -0.046 -0.096
   20  218  114  104   Jackson                  0.036  0.099 -0.154  0.299  0.245 -0.120
       231             Adams Democrat           0.013  0.059
   21  217  140   72   Jackson                 -0.030  0.025 -0.207  0.058  0.291 -0.035
       271             Anti-Jackson            -0.054 -0.116
   22  217  129   67   Jackson                 -0.030  0.017 -0.246 -0.001  0.315  0.038
       462             Anti-Jackson            -0.030  0.004
   23  255  149   70   Jackson                 -0.049 -0.020 -0.240 -0.161  0.233  0.216
       322             Anti-Jackson            -0.109 -0.083
   24  253  147   80   Jackson                 -0.102 -0.067 -0.284 -0.290  0.148  0.293
       456             Anti-Jackson            -0.112 -0.133
   25  255  132  109   Democrat                -0.064 -0.031 -0.285 -0.301  0.192  0.262
       468             Whig                    -0.072 -0.031
   26  254  126  120   Democrat                -0.065 -0.001 -0.330 -0.264  0.193  0.281
       735             Whig                    -0.133 -0.077
   27  256  149  105   Whig                    -0.028  0.096  0.201  0.256 -0.350 -0.140
       970             Democrat                 0.039  0.068
   28  230  147   79   Democrat                -0.111 -0.051 -0.304 -0.216  0.230  0.244
       580             Whig                    -0.154 -0.054
   29  234  148   80   Democrat                -0.122 -0.021 -0.332 -0.154  0.246  0.223
       631             Whig                    -0.160 -0.045
   30  233  116  113   Whig                    -0.040  0.043  0.245  0.211 -0.337 -0.116
       467             Democrat                 0.031  0.040
   31  239  117  111   Democrat                -0.029 -0.001 -0.365 -0.106  0.295  0.177
       571             Whig                    -0.001 -0.044
   32  238  128   89   Democrat                -0.061 -0.048 -0.280 -0.168  0.279  0.097
       452             Whig                    -0.086  0.012
   33  238  157   75   Democrat                -0.105 -0.049 -0.257 -0.069  0.194  0.017
       602             Whig                    -0.202  0.073
   34  236   98   85   Opposition               0.034 -0.024  0.307 -0.198 -0.331 -0.006
       723             Democrat                 0.144  0.002
   35  243  134   92   Democrat                -0.046  0.036 -0.311  0.197  0.350 -0.256
       544             Republican              -0.066  0.023
   36  243  118   86   Republican               0.017  0.005  0.325 -0.148 -0.350  0.113
       428             Democrat                 0.091  0.027
   37  191  108   50   Republican               0.127  0.082  0.330 -0.127 -0.212  0.362
       627             Democrat                 0.254 -0.031
   38  187   86   73   Republican               0.072  0.082  0.347  0.004 -0.251  0.175
       582             Democrat                 0.212 -0.023
   39  197  134   44   Republican               0.128 -0.024  0.293 -0.089 -0.339  0.162
       603             Democrat                 0.260 -0.070
   40  230  177   48   Republican               0.162 -0.041  0.295 -0.123 -0.322  0.220
       708             Democrat                 0.263 -0.025
   41  255  177   72   Republican               0.111  0.005  0.304 -0.060 -0.337  0.132
       620             Democrat                 0.182  0.009
   42  253  142  106   Republican               0.037  0.058  0.305  0.017 -0.319  0.104
       513             Democrat                 0.080  0.029
   43  300  202   93   Republican               0.092  0.049  0.296  0.034 -0.341  0.088
       469             Democrat                 0.221  0.044
   44  303  185  109   Democrat                -0.078 -0.072 -0.331 -0.086  0.333 -0.049
       307             Republican              -0.217 -0.021
   45  301  157  142   Democrat                -0.030 -0.077 -0.353 -0.130  0.331 -0.020
       362             Republican              -0.124 -0.021
   46  297  144  134   Democrat                -0.031 -0.038 -0.376 -0.055  0.356 -0.110
       425             Republican              -0.168 -0.010
   47  299  154  132   Republican               0.007 -0.043  0.349 -0.025 -0.391 -0.131
       287             Democrat                 0.128 -0.024
   48  334  200  121   Democrat                -0.082 -0.042 -0.345 -0.084  0.343  0.026
       312             Republican              -0.134  0.036
   49  325  182  141   Democrat                -0.059 -0.014 -0.373 -0.090  0.347  0.085
       291             Republican              -0.149  0.048
   50  323  165  152   Democrat                -0.029 -0.042 -0.384 -0.196  0.356  0.092
       272             Republican              -0.075 -0.009
   51  344  179  164   Republican               0.001 -0.030  0.376  0.136 -0.408 -0.214
       539             Democrat                 0.240  0.020
   52  336  241   87   Democrat                -0.171 -0.109 -0.371 -0.219  0.387  0.095
       271             Republican              -0.165  0.045
   53  369  224  131   Democrat                -0.097 -0.046 -0.383 -0.158  0.400  0.070
       284             Republican              -0.235  0.035
   54  359  251   98   Republican               0.141  0.094  0.389  0.110 -0.467 -0.025
       158             Democrat                 0.121  0.026
   55  363  206  130   Republican               0.057  0.107  0.405  0.014 -0.434  0.107
       172             Democrat                 0.257  0.056
   56  360  192  159   Republican               0.039  0.039  0.421  0.048 -0.401 -0.009
       141             Democrat                 0.194 -0.018
   57  356  203  147   Republican               0.075  0.015  0.439 -0.008 -0.412  0.025
       160             Democrat                 0.236  0.011
   58  368  199  166   Republican               0.065 -0.019  0.457  0.016 -0.414 -0.048
        84             Democrat                 0.393 -0.050
   59  374  245  129   Republican               0.154 -0.046  0.463 -0.028 -0.433 -0.080
       125             Democrat                 0.350 -0.017
   60  384  221  162   Republican               0.090 -0.056  0.462 -0.014 -0.420 -0.109
       231             Democrat                 0.194  0.024
   61  398  219  179   Republican               0.069 -0.062  0.458 -0.028 -0.407 -0.103
       193             Democrat                 0.183  0.021
   62  401  232  167   Democrat                -0.034 -0.015 -0.380 -0.097  0.443  0.089
       249             Republican              -0.150  0.032
   63  439  294  135   Democrat                -0.098 -0.000 -0.354 -0.099  0.432  0.176
       268             Republican              -0.171  0.001
   64  438  229  200   Democrat                 0.011  0.028 -0.376  0.005  0.445  0.052
       148             Republican              -0.109  0.010
   65  446  223  217   Democrat                 0.030  0.037 -0.373  0.028  0.443  0.041
       217             Republican               0.009  0.057
   66  448  246  199   Republican               0.070  0.055  0.428  0.085 -0.372  0.008
       272             Democrat                 0.126  0.014
   67  448  308  138   Republican               0.165  0.093  0.414  0.056 -0.392  0.171
       325             Democrat                 0.146 -0.038
   68  436  226  207   Republican               0.060  0.142  0.415  0.115 -0.328  0.160
       164             Democrat                 0.032  0.049
   69  433  245  183   Republican               0.093  0.137  0.397  0.055 -0.312  0.227
       106             Democrat                 0.101 -0.040
   70  425  229  193   Republican               0.068  0.143  0.372  0.053 -0.293  0.240
        68             Democrat                 0.125 -0.073
   71  435  267  167   Republican               0.117  0.123  0.351  0.038 -0.255  0.259
        98             Democrat                 0.187 -0.032
   72  438  224  213   Democrat                 0.057  0.133 -0.204  0.293  0.332 -0.034
       115             Republican               0.019  0.049
   73  443  318  120   Democrat                -0.042  0.092 -0.173  0.214  0.298 -0.242
       137             Republican              -0.155  0.099
   74  438  323  105   Democrat                -0.057  0.069 -0.163  0.188  0.268 -0.264
       206             Republican              -0.135  0.087
   75  439  335   91   Democrat                -0.072  0.072 -0.161  0.162  0.260 -0.171
       153             Republican              -0.147  0.065
   76  448  266  178   Democrat                 0.013  0.044 -0.149  0.266  0.257 -0.275
       216             Republican              -0.093  0.071
   77  441  268  167   Democrat                 0.007  0.051 -0.151  0.262  0.263 -0.273
       126             Republican              -0.091  0.069
   78  442  224  214   Democrat                 0.052  0.022 -0.144  0.358  0.259 -0.319
       135             Republican               0.112 -0.013
   79  444  248  194   Democrat                 0.017  0.050 -0.172  0.326  0.260 -0.295
       206             Republican               0.009  0.085
   80  446  250  194   Republican               0.071  0.001  0.247 -0.371 -0.147  0.486
       146             Democrat                 0.192 -0.104
   81  439  263  174   Democrat                -0.025  0.077 -0.197  0.356  0.241 -0.339
       245             Republican              -0.091  0.060
   82  444  236  207   Democrat                 0.013  0.056 -0.184  0.418  0.239 -0.355
       159             Republican               0.084  0.042
   83  436  220  215   Republican               0.025  0.038  0.233 -0.375 -0.187  0.462
       120             Democrat                 0.053 -0.085
   84  438  234  204   Democrat                -0.007  0.070 -0.215  0.445  0.232 -0.361
       121             Republican              -0.062  0.034
   85  443  238  205   Democrat                -0.017  0.074 -0.221  0.475  0.220 -0.391
       172             Republican              -0.008  0.020
   86  439  282  156   Democrat                -0.079  0.147 -0.245  0.430  0.221 -0.370
       162             Republican              -0.085 -0.002
   87  445  271  174   Democrat                -0.055  0.131 -0.232  0.438  0.221 -0.348
       202             Republican              -0.126  0.017
   88  442  261  181   Democrat                -0.063  0.107 -0.255  0.413  0.213 -0.334
       200             Republican              -0.130  0.069
   89  442  300  142   Democrat                -0.116  0.128 -0.267  0.333  0.203 -0.306
       305             Republican              -0.183  0.022
   90  438  249  189   Democrat                -0.065  0.080 -0.263  0.357  0.196 -0.285
       390             Republican              -0.080  0.053
   91  443  248  195   Democrat                -0.066  0.072 -0.280  0.329  0.206 -0.255
       353             Republican              -0.026  0.049
   92  440  256  184   Democrat                -0.082  0.085 -0.286  0.325  0.203 -0.249
       527             Republican              -0.002  0.009
   93  443  245  197   Democrat                -0.078  0.063 -0.304  0.277  0.204 -0.203
       919             Republican              -0.007 -0.013
   94  439  292  147   Democrat                -0.135  0.043 -0.301  0.170  0.196 -0.208
      1065             Republican              -0.111  0.009
   95  438  291  147   Democrat                -0.130  0.036 -0.293  0.154  0.193 -0.196
      1217             Republican              -0.094  0.017
   96  440  280  160   Democrat                -0.103  0.033 -0.289  0.139  0.223 -0.153
      1067             Republican              -0.101  0.050
   97  438  243  194   Democrat                -0.049 -0.004 -0.287  0.109  0.251 -0.146
       679             Republican              -0.040  0.037
   98  438  270  168   Democrat                -0.070  0.018 -0.289  0.092  0.282 -0.101
       792             Republican              -0.084  0.034
   99  438  255  183   Democrat                -0.049  0.029 -0.301  0.100  0.302 -0.071
       777             Republican              -0.084  0.049
  100  440  260  180   Democrat                -0.048  0.042 -0.300  0.116  0.317 -0.065
       771             Republican              -0.077  0.080
  101  441  262  179   Democrat                -0.046  0.048 -0.302  0.107  0.330 -0.038
       752             Republican              -0.032  0.088
  102  438  269  168   Democrat                -0.048  0.077 -0.302  0.120  0.360  0.012
       780             Republican              -0.079  0.070
  103  438  259  178   Democrat                -0.020  0.089 -0.314  0.098  0.411  0.078
       969             Republican              -0.116  0.040
  104  446  236  209   Republican               0.093  0.098  0.478  0.115 -0.339  0.080
      1176             Democrat                 0.135  0.050
  105  443  231  211   Republican               0.098  0.098  0.507  0.146 -0.346  0.048
       946             Democrat                 0.113  0.021
  106  440  224  214   Republican               0.103  0.115  0.531  0.149 -0.345  0.078
       874             Democrat                 0.113  0.010
  107  442  228  212   Republican               0.123  0.121  0.563  0.162 -0.350  0.076
       681             Democrat                 0.131 -0.042
  108  441  232  208   Republican               0.146  0.134  0.593  0.172 -0.349  0.092
       843             Democrat                 0.263 -0.004
  109  439  236  202   Republican               0.166  0.134  0.617  0.177 -0.359  0.084
       894             Democrat                 0.250  0.048
  110  447  241  206   Democrat                 0.116  0.162 -0.341  0.137  0.652  0.192
      1386             Republican              -0.062 -0.014
  111  445  262  183   Democrat                 0.088  0.180 -0.330  0.179  0.685  0.181
       987             Republican              -0.044 -0.069
  112  443  243  200   Republican               0.220  0.101  0.713  0.145 -0.378  0.047
      1434             Democrat                 0.402  0.189
  113  440  237  203   Republican               0.220  0.104  0.727  0.155 -0.372  0.046
      1021             Democrat                 0.445  0.163
