   1  63  0.430  0.130  5000    36  Pro-Administration       36  0.650  0.072
                        4000    27  Anti-Administration      27  0.083  0.255
   2  67  0.329  0.009  5000    37  Pro-Administration       37  0.636  0.065
                        4000    30  Anti-Administration      30  0.067 -0.135
   3 101  0.272 -0.032  4000    51  Anti-Administration      51  0.033 -0.217
                        5000    50  Pro-Administration       50  0.617  0.101
   4 108  0.127  0.095   200    59  Republican               59  0.002 -0.050
                           1    49  Federalist               49  0.656  0.250
   5 115  0.426  0.031     1    62  Federalist               62  0.698  0.246
                         200    53  Republican               53 -0.012 -0.084
   6 108  0.569 -0.026     1    62  Federalist               62  0.706  0.143
                         200    46  Republican               46  0.031 -0.142
   7 109  0.106  0.035   200    70  Republican               70  0.015 -0.013
                           1    39  Federalist               39  0.684  0.100
   8 144  0.034  0.035   200   105  Republican              105 -0.034  0.035
                           1    39  Federalist               39  0.629  0.040
   9 145  0.013  0.020   200   117  Republican              117 -0.034  0.061
                           1    28  Federalist               28  0.614 -0.078
  10 143  0.003  0.001   200   116  Republican              116 -0.030  0.035
                           1    27  Federalist               27  0.584 -0.173
  11 151  0.062 -0.064   200   101  Republican              101 -0.059  0.047
                           1    50  Federalist               50  0.617 -0.262
  12 145 -0.012 -0.027   200   108  Republican              108 -0.065  0.056
                           1    37  Federalist               37  0.654 -0.320
  13 194  0.013 -0.009   200   123  Republican              123 -0.080  0.125
                           1    71  Federalist               71  0.586 -0.387
  14 189  0.042 -0.058   200   124  Republican              124 -0.064  0.098
                           1    65  Federalist               65  0.573 -0.471
  15 187  0.020  0.095   200   147  Republican              147 -0.039  0.136
                           1    40  Federalist               40  0.552 -0.318
  16 196  0.053  0.152   200   168  Republican              168  0.012  0.152
                           1    28  Federalist               28  0.318  0.165
  17 183  0.132  0.052   200   151  Republican              151  0.116  0.030
                           1    32  Federalist               32  0.276  0.132
  18 212  0.131  0.079  8888    69  Adams-Clay Republican    69  0.239 -0.051
                        1346    62  Jackson Republican       62  0.083  0.433
  19 218  0.068  0.108    22   111  Adams Democrat          111  0.218 -0.146
                         555   107  Jackson                 107 -0.129  0.282
  20 218  0.089  0.115   555   114  Jackson                 114 -0.163  0.412
                          22   104  Adams Democrat          104  0.252 -0.073
  21 217 -0.023  0.062   555   140  Jackson                 140 -0.201  0.119
                        1275    72  Anti-Jackson             72  0.289 -0.067
  22 217 -0.086 -0.016   555   129  Jackson                 129 -0.241 -0.027
                        1275    67  Anti-Jackson             67  0.317  0.073
  23 255 -0.130 -0.059   555   149  Jackson                 149 -0.244 -0.278
                        1275    70  Anti-Jackson             70  0.238  0.183
  24 253 -0.189 -0.138   555   147  Jackson                 147 -0.268 -0.356
                        1275    80  Anti-Jackson             80  0.162  0.275
  25 255 -0.152 -0.101   100   132  Democrat                132 -0.287 -0.417
                          29   109  Whig                    109  0.232  0.189
  26 254 -0.142 -0.090   100   126  Democrat                126 -0.313 -0.364
                          29   120  Whig                    120  0.255  0.211
  27 256 -0.046  0.076    29   149  Whig                    149  0.235  0.152
                         100   105  Democrat                105 -0.345 -0.197
  28 230 -0.166 -0.053   100   147  Democrat                147 -0.274 -0.300
                          29    79  Whig                     79  0.254  0.182
  29 234 -0.183 -0.019   100   148  Democrat                148 -0.307 -0.220
                          29    80  Whig                     80  0.276  0.148
  30 233 -0.061  0.016    29   116  Whig                    116  0.268  0.102
                         100   113  Democrat                113 -0.321 -0.141
  31 239 -0.081 -0.015   100   117  Democrat                117 -0.348 -0.107
                          29   111  Whig                    111  0.339  0.125
  32 238 -0.113 -0.067   100   128  Democrat                128 -0.267 -0.171
                          29    89  Whig                     89  0.317  0.152
  33 238 -0.162 -0.065   100   157  Democrat                157 -0.278 -0.071
                          29    75  Whig                     75  0.256 -0.046
  34 236  0.076 -0.063  3333    98  Opposition               98  0.330 -0.201
                         100    85  Democrat                 85 -0.358  0.001
  35 243 -0.157  0.009   100   134  Democrat                134 -0.307  0.163
                         200    92  Republican               92  0.350 -0.203
  36 243  0.134 -0.011   200   118  Republican              118  0.324 -0.130
                         100    86  Democrat                 86 -0.357  0.073
  37 191  0.233  0.052   200   108  Republican              108  0.335 -0.126
                         100    50  Democrat                 50 -0.213  0.377
  38 187  0.215  0.068   200    86  Republican               86  0.348  0.002
                         100    73  Democrat                 73 -0.250  0.135
  39 197  0.257 -0.026   200   134  Republican              134  0.305 -0.092
                         100    44  Democrat                 44 -0.311  0.227
  40 230  0.264 -0.055   200   177  Republican              177  0.291 -0.122
                         100    48  Democrat                 48 -0.315  0.253
  41 255  0.259  0.010   200   177  Republican              177  0.301 -0.028
                         100    72  Democrat                 72 -0.336  0.086
  42 253  0.223  0.070   200   142  Republican              142  0.304  0.039
                         100   106  Democrat                106 -0.317  0.089
  43 300  0.246  0.027   200   202  Republican              202  0.295  0.027
                         100    93  Democrat                 93 -0.339  0.095
  44 303 -0.226 -0.063   100   185  Democrat                185 -0.330 -0.057
                         200   109  Republican              109  0.330 -0.089
  45 301 -0.206 -0.039   100   157  Democrat                157 -0.354 -0.065
                         200   142  Republican              142  0.338 -0.013
  46 297 -0.185 -0.016   100   144  Democrat                144 -0.371 -0.020
                         200   134  Republican              134  0.364 -0.075
  47 299  0.237 -0.026   200   154  Republican              154  0.349  0.017
                         100   132  Democrat                132 -0.392 -0.112
  48 334 -0.226 -0.057   100   200  Democrat                200 -0.333 -0.091
                         200   121  Republican              121  0.338  0.043
  49 325 -0.223 -0.013   100   182  Democrat                182 -0.361 -0.052
                         200   141  Republican              141  0.351  0.059
  50 323 -0.172 -0.032   100   165  Democrat                165 -0.376 -0.177
                         200   152  Republican              152  0.356  0.115
  51 344  0.183 -0.029   200   179  Republican              179  0.372  0.144
                         100   164  Democrat                164 -0.409 -0.175
  52 336 -0.286 -0.094   100   241  Democrat                241 -0.345 -0.216
                         200    87  Republican               87  0.382  0.059
  53 369 -0.252 -0.057   100   224  Democrat                224 -0.380 -0.150
                         200   131  Republican              131  0.390  0.047
  54 359  0.334  0.139   200   251  Republican              251  0.392  0.152
                         100    98  Democrat                 98 -0.480 -0.030
  55 363  0.309  0.148   200   206  Republican              206  0.400  0.041
                         100   130  Democrat                130 -0.461  0.152
  56 360  0.299  0.095   200   192  Republican              192  0.421  0.118
                         100   159  Democrat                159 -0.390  0.057
  57 356  0.348  0.026   200   203  Republican              203  0.436 -0.004
                         100   147  Democrat                147 -0.411  0.039
  58 368  0.341 -0.036   200   199  Republican              199  0.451 -0.023
                         100   166  Democrat                166 -0.423 -0.045
  59 374  0.398 -0.062   200   245  Republican              245  0.459 -0.064
                         100   129  Democrat                129 -0.450 -0.058
  60 384  0.368 -0.065   200   221  Republican              221  0.457 -0.064
                         100   162  Democrat                162 -0.430 -0.073
  61 398  0.331 -0.057   200   219  Republican              219  0.459 -0.065
                         100   179  Democrat                179 -0.410 -0.049
  62 401 -0.203  0.014   100   232  Democrat                232 -0.368 -0.013
                         200   167  Republican              167  0.444  0.034
  63 439 -0.225  0.083   100   294  Democrat                294 -0.332  0.000
                         200   135  Republican              135  0.426  0.224
  64 438 -0.110  0.094   100   229  Democrat                229 -0.361  0.086
                         200   200  Republican              200  0.436  0.102
  65 446 -0.023  0.098   100   223  Democrat                223 -0.364  0.111
                         200   217  Republican              217  0.435  0.088
  66 448  0.296  0.161   200   246  Republican              246  0.428  0.143
                         100   199  Democrat                199 -0.362  0.159
  67 448  0.348  0.166   200   308  Republican              308  0.416  0.085
                         100   138  Democrat                138 -0.387  0.273
  68 436  0.213  0.234   200   226  Republican              226  0.423  0.169
                         100   207  Democrat                207 -0.338  0.331
  69 433  0.248  0.217   200   245  Republican              245  0.406  0.099
                         100   183  Democrat                183 -0.325  0.401
  70 425  0.213  0.202   200   229  Republican              229  0.373  0.089
                         100   193  Democrat                193 -0.306  0.423
  71 435  0.245  0.166   200   267  Republican              267  0.351  0.069
                         100   167  Democrat                167 -0.261  0.454
  72 438  0.023  0.208   100   224  Democrat                224 -0.200  0.465
                         200   213  Republican              213  0.337  0.004
  73 443 -0.098  0.080   100   318  Democrat                318 -0.161  0.275
                         200   120  Republican              120  0.292 -0.238
  74 438 -0.099  0.039   100   323  Democrat                323 -0.150  0.164
                         200   105  Republican              105  0.268 -0.260
  75 439 -0.104  0.009   100   335  Democrat                335 -0.139  0.137
                         200    91  Republican               91  0.261 -0.168
  76 448 -0.013 -0.053   100   266  Democrat                266 -0.125  0.315
                         200   178  Republican              178  0.257 -0.262
  77 441 -0.017 -0.069   100   268  Democrat                268 -0.127  0.308
                         200   167  Republican              167  0.257 -0.261
  78 442  0.072 -0.116   100   224  Democrat                224 -0.119  0.503
                         200   214  Republican              214  0.256 -0.303
  79 444  0.036 -0.075   100   248  Democrat                248 -0.150  0.375
                         200   194  Republican              194  0.258 -0.289
  80 446  0.111 -0.136   200   250  Republican              250  0.237 -0.355
                         100   194  Democrat                194 -0.127  0.683
  81 439 -0.021 -0.038   100   263  Democrat                263 -0.208  0.265
                         200   174  Republican              174  0.232 -0.308
  82 444  0.048 -0.050   100   236  Democrat                236 -0.186  0.404
                         200   207  Republican              207  0.230 -0.314
  83 436  0.085 -0.068   200   220  Republican              220  0.226 -0.359
                         100   215  Democrat                215 -0.172  0.519
  84 438  0.032 -0.016   100   234  Democrat                234 -0.226  0.394
                         200   204  Republican              204  0.220 -0.362
  85 443  0.027  0.023   100   238  Democrat                238 -0.236  0.459
                         200   205  Republican              205  0.212 -0.394
  86 439 -0.079  0.133   100   282  Democrat                282 -0.264  0.381
                         200   156  Republican              156  0.208 -0.377
  87 445 -0.034  0.086   100   271  Democrat                271 -0.263  0.387
                         200   174  Republican              174  0.203 -0.334
  88 442 -0.032  0.061   100   261  Democrat                261 -0.290  0.389
                         200   181  Republican              181  0.203 -0.327
  89 442 -0.157  0.104   100   300  Democrat                300 -0.293  0.320
                         200   142  Republican              142  0.201 -0.295
  90 438 -0.023  0.036   100   249  Democrat                249 -0.310  0.355
                         200   189  Republican              189  0.195 -0.235
  91 443 -0.032  0.034   100   248  Democrat                248 -0.321  0.317
                         200   195  Republican              195  0.190 -0.219
  92 440 -0.064  0.060   100   256  Democrat                256 -0.322  0.322
                         200   184  Republican              184  0.185 -0.209
  93 443 -0.068  0.034   100   245  Democrat                245 -0.331  0.297
                         200   197  Republican              197  0.188 -0.163
  94 439 -0.186  0.006   100   292  Democrat                292 -0.320  0.165
                         200   147  Republican              147  0.181 -0.183
  95 438 -0.178 -0.005   100   291  Democrat                291 -0.308  0.159
                         200   147  Republican              147  0.191 -0.179
  96 440 -0.158 -0.010   100   280  Democrat                280 -0.313  0.117
                         200   160  Republican              160  0.213 -0.123
  97 438 -0.073 -0.041   100   243  Democrat                243 -0.309  0.055
                         200   194  Republican              194  0.238 -0.104
  98 438 -0.132 -0.007   100   270  Democrat                270 -0.301  0.056
                         200   168  Republican              168  0.273 -0.097
  99 438 -0.111 -0.007   100   255  Democrat                255 -0.303  0.075
                         200   183  Republican              183  0.295 -0.074
 100 440 -0.128  0.012   100   260  Democrat                260 -0.304  0.104
                         200   180  Republican              180  0.316 -0.050
 101 441 -0.134  0.033   100   262  Democrat                262 -0.303  0.095
                         200   179  Republican              179  0.329 -0.032
 102 438 -0.146  0.066   100   269  Democrat                269 -0.306  0.108
                         200   168  Republican              168  0.361  0.031
 103 438 -0.153  0.099   100   259  Democrat                259 -0.310  0.095
                         200   178  Republican              178  0.413  0.119
 104 446  0.218  0.134   200   236  Republican              236  0.470  0.178
                         100   209  Democrat                209 -0.352  0.049
 105 443  0.229  0.127   200   231  Republican              231  0.498  0.208
                         100   211  Democrat                211 -0.355 -0.011
 106 440  0.216  0.146   200   224  Republican              224  0.510  0.219
                         100   214  Democrat                214 -0.354  0.032
 107 442  0.281  0.157   200   228  Republican              228  0.548  0.218
                         100   212  Democrat                212 -0.359  0.027
 108 441  0.355  0.157   200   232  Republican              232  0.576  0.236
                         100   208  Democrat                208 -0.354  0.034
 109 439  0.408  0.167   200   236  Republican              236  0.596  0.243
                         100   202  Democrat                202 -0.358  0.018
 110 447 -0.132  0.189   100   241  Democrat                241 -0.345  0.084
                         200   206  Republican              206  0.637  0.255
 111 445 -0.169  0.190   100   262  Democrat                262 -0.336  0.124
                         200   183  Republican              183  0.686  0.239
 112 443  0.474  0.084   200   243  Republican              243  0.726  0.178
                         100   200  Democrat                200 -0.383 -0.024
 113 440  0.461  0.097   200   237  Republican              237  0.735  0.174
                         100   203  Democrat                203 -0.383  0.015
