   1  26  0.187 -0.287  5000    19  Pro-Administration       19  0.389 -0.292
                        4000     7  Anti-Administration       7 -0.380 -0.182
   2  27  0.078 -0.292  5000    16  Pro-Administration       16  0.280 -0.269
                        4000    11  Anti-Administration      11 -0.436 -0.595
   3  29  0.182 -0.412  5000    16  Pro-Administration       16  0.560 -0.199
                        4000    13  Anti-Administration      13 -0.461 -0.602
   4  29  0.311 -0.272     1    19  Federalist               19  0.595 -0.072
                         200    10  Republican               10 -0.536 -0.387
   5  37  0.436  0.043     1    26  Federalist               26  0.574  0.394
                         200    11  Republican               11 -0.442 -0.291
   6  36  0.428 -0.042     1    25  Federalist               25  0.543  0.290
                         200    11  Republican               11 -0.383 -0.291
   7  29 -0.067 -0.209   200    17  Republican               17 -0.347 -0.458
                           1    12  Federalist               12  0.563 -0.002
   8  38 -0.216 -0.257   200    28  Republican               28 -0.287 -0.353
                           1    10  Federalist               10  0.645  0.041
   9  32 -0.177 -0.260   200    25  Republican               25 -0.336 -0.288
                           1     7  Federalist                7  0.643 -0.082
  10  35 -0.073 -0.032   200    28  Republican               28 -0.278  0.132
                           1     7  Federalist                7  0.643 -0.210
  11  38 -0.069  0.044   200    30  Republican               30 -0.240  0.122
                           1     8  Federalist                8  0.839 -0.252
  12  37 -0.320 -0.127   200    31  Republican               31 -0.360  0.037
                           1     6  Federalist                6  0.763 -0.215
  13  43 -0.284 -0.252   200    33  Republican               33 -0.406 -0.035
                           1    10  Federalist               10  0.710 -0.345
  14  44 -0.141 -0.150   200    29  Republican               29 -0.248 -0.005
                           1    15  Federalist               15  0.636 -0.313
  15  40  0.167 -0.035   200    30  Republican               30 -0.182  0.107
                           1    10  Federalist               10  0.520 -0.194
  16  51  0.228  0.059   200    41  Republican               41 -0.124  0.163
                           1    10  Federalist               10  0.460 -0.142
  17  47  0.258  0.170   200    43  Republican               43  0.215  0.241
                           1     4  Federalist                4  0.431 -0.013
  18  51  0.205  0.225  7777    22  Crawford Republican      22  0.146  0.101
                        1346    12  Jackson Republican       12 -0.385  0.233
  19  51  0.202  0.281   555    27  Jackson                  27 -0.249  0.031
                          22    24  Adams Democrat           24  0.438  0.543
  20  53  0.160  0.322   555    30  Jackson                  30 -0.116  0.006
                          22    23  Adams Democrat           23  0.514  0.564
  21  50  0.130  0.299   555    27  Jackson                  27 -0.121 -0.186
                        1275    23  Anti-Jackson             23  0.549  0.598
  22  52  0.106  0.303   555    27  Jackson                  27 -0.191 -0.021
                        1275    22  Anti-Jackson             22  0.573  0.498
  23  52  0.072  0.156  1275    28  Anti-Jackson             28  0.477  0.250
                         555    22  Jackson                  22 -0.324  0.038
  24  60 -0.215  0.164   555    33  Jackson                  33 -0.426  0.025
                        1275    25  Anti-Jackson             25  0.379  0.352
  25  57 -0.283  0.085   100    38  Democrat                 38 -0.414  0.009
                          29    19  Whig                     19  0.302  0.392
  26  57 -0.265  0.050   100    32  Democrat                 32 -0.442 -0.148
                          29    25  Whig                     25  0.171  0.270
  27  59 -0.059  0.083    29    34  Whig                     34  0.161  0.157
                         100    25  Democrat                 25 -0.494 -0.191
  28  56 -0.231  0.041    29    28  Whig                     28  0.134  0.204
                         100    27  Democrat                 27 -0.500 -0.283
  29  61 -0.401  0.165   100    35  Democrat                 35 -0.518 -0.100
                          29    25  Whig                     25  0.165  0.258
  30  68 -0.380  0.119   100    44  Democrat                 44 -0.505 -0.248
                          29    23  Whig                     23  0.068  0.302
  31  66 -0.343  0.146   100    37  Democrat                 37 -0.493 -0.211
                          29    27  Whig                     27  0.070  0.329
  32  67 -0.407  0.170   100    40  Democrat                 40 -0.507  0.002
                          29    24  Whig                     24 -0.056  0.361
  33  66 -0.411  0.049   100    39  Democrat                 39 -0.511 -0.054
                          29    22  Whig                     22 -0.174  0.292
  34  63 -0.414  0.039   100    39  Democrat                 39 -0.532 -0.008
                        3333    22  Opposition               22  0.075  0.167
  35  71 -0.438 -0.044   100    46  Democrat                 46 -0.559  0.034
                         200    20  Republican               20  0.133 -0.318
  36  69 -0.446 -0.125   100    40  Democrat                 40 -0.569  0.091
                         200    27  Republican               27  0.085 -0.421
  37  65 -0.147 -0.098   200    34  Republican               34  0.045 -0.226
                         100    23  Democrat                 23 -0.494 -0.080
  38  52 -0.013 -0.064   200    34  Republican               34  0.083 -0.134
                         100    10  Democrat                 10 -0.501  0.083
  39  56  0.014 -0.114   200    42  Republican               42  0.081 -0.127
                         100    10  Democrat                 10 -0.504 -0.160
  40  67  0.100  0.030   200    57  Republican               57  0.122 -0.003
                         100    10  Democrat                 10 -0.571  0.043
  41  78  0.118  0.025   200    65  Republican               65  0.131  0.045
                         100    13  Democrat                 13 -0.616 -0.002
  42  75  0.115 -0.027   200    56  Republican               56  0.137  0.084
                         100    18  Democrat                 18 -0.593 -0.145
  43  76  0.117  0.046   200    49  Republican               49  0.145  0.103
                         100    20  Democrat                 20 -0.568 -0.151
  44  79  0.087  0.063   200    46  Republican               46  0.156  0.102
                         100    32  Democrat                 32 -0.538  0.032
  45  78  0.047  0.018   200    40  Republican               40  0.167  0.092
                         100    37  Democrat                 37 -0.536 -0.013
  46  80 -0.470 -0.046   100    45  Democrat                 45 -0.597 -0.057
                         200    34  Republican               34  0.185 -0.011
  47  83  0.077 -0.067   200    43  Republican               43  0.192 -0.050
                         100    38  Democrat                 38 -0.593 -0.073
  48  78  0.068 -0.136   200    40  Republican               40  0.185 -0.173
                         100    36  Democrat                 36 -0.589 -0.102
  49  79  0.078 -0.122   200    44  Republican               44  0.178 -0.159
                         100    35  Democrat                 35 -0.585 -0.075
  50  76 -0.024 -0.082   200    39  Republican               39  0.178 -0.185
                         100    37  Democrat                 37 -0.578 -0.011
  51  88  0.108 -0.072   200    51  Republican               51  0.187 -0.073
                         100    37  Democrat                 37 -0.580 -0.003
  52  89  0.040 -0.111   200    46  Republican               46  0.220 -0.075
                         100    41  Democrat                 41 -0.537 -0.175
  53  94 -0.320 -0.078   100    47  Democrat                 47 -0.524 -0.161
                         200    43  Republican               43  0.213 -0.075
  54  89 -0.084 -0.063   200    44  Republican               44  0.213  0.071
                         100    39  Democrat                 39 -0.463 -0.220
  55  92  0.054 -0.013   200    45  Republican               45  0.246 -0.110
                         100    35  Democrat                 35 -0.434 -0.082
  56  90  0.183 -0.042   200    54  Republican               54  0.273 -0.118
                         100    26  Democrat                 26 -0.439 -0.035
  57  88  0.169 -0.111   200    55  Republican               55  0.292 -0.129
                         100    32  Democrat                 32 -0.400 -0.086
  58  87  0.207 -0.175   200    54  Republican               54  0.364 -0.130
                         100    33  Democrat                 33 -0.361 -0.280
  59  89  0.236 -0.187   200    56  Republican               56  0.359 -0.130
                         100    33  Democrat                 33 -0.363 -0.390
  60  87  0.238 -0.188   200    58  Republican               58  0.378 -0.049
                         100    29  Democrat                 29 -0.346 -0.645
  61 100  0.166 -0.250   200    62  Republican               62  0.376 -0.056
                         100    38  Democrat                 38 -0.343 -0.688
  62 105 -0.039 -0.252   200    55  Republican               55  0.346 -0.044
                         100    50  Democrat                 50 -0.327 -0.592
  63 101 -0.187 -0.308   100    56  Democrat                 56 -0.303 -0.561
                         200    44  Republican               44  0.348 -0.067
  64  98 -0.212 -0.292   100    57  Democrat                 57 -0.301 -0.471
                         200    41  Republican               41  0.382 -0.039
  65 105 -0.194 -0.313   100    59  Democrat                 59 -0.302 -0.566
                         200    46  Republican               46  0.353  0.000
  66 100 -0.038 -0.247   200    51  Republican               51  0.415  0.055
                         100    49  Democrat                 49 -0.285 -0.604
  67 104  0.216 -0.128   200    65  Republican               65  0.427  0.081
                         100    39  Democrat                 39 -0.276 -0.616
  68 100  0.144 -0.115   200    55  Republican               55  0.411  0.108
                         100    43  Democrat                 43 -0.244 -0.528
  69 101  0.174 -0.153   200    58  Republican               58  0.398  0.187
                         100    42  Democrat                 42 -0.234 -0.503
  70  99  0.119 -0.221   200    51  Republican               51  0.349  0.249
                         100    47  Democrat                 47 -0.184 -0.430
  71 109  0.215 -0.150   200    64  Republican               64  0.351  0.142
                         100    44  Democrat                 44 -0.185 -0.366
  72 102  0.071 -0.111   100    51  Democrat                 51 -0.113 -0.285
                         200    50  Republican               50  0.296  0.151
  73  99  0.027 -0.047   100    62  Democrat                 62 -0.057 -0.114
                         200    36  Republican               36  0.275  0.083
  74  99  0.002  0.016   100    71  Democrat                 71 -0.046 -0.064
                         200    25  Republican               25  0.240  0.138
  75 100 -0.022  0.013   100    80  Democrat                 80 -0.046 -0.006
                         200    16  Republican               16  0.218  0.029
  76  99  0.008  0.039   100    70  Democrat                 70 -0.040  0.041
                         200    25  Republican               25  0.198 -0.165
  77 100  0.022  0.079   100    69  Democrat                 69 -0.034  0.115
                         200    29  Republican               29  0.192 -0.117
  78 100  0.068  0.073   100    59  Democrat                 59 -0.005  0.183
                         200    40  Republican               40  0.250 -0.014
  79 101  0.077  0.069   100    58  Democrat                 58 -0.008  0.223
                         200    42  Republican               42  0.225 -0.113
  80  97  0.114  0.034   200    51  Republican               51  0.246 -0.127
                         100    46  Democrat                 46  0.005  0.346
  81 102  0.060  0.050   100    57  Democrat                 57 -0.106  0.191
                         200    45  Republican               45  0.236 -0.224
  82  97  0.093  0.055   100    50  Democrat                 50 -0.090  0.399
                         200    47  Republican               47  0.256 -0.294
  83 103  0.111  0.011   200    52  Republican               52  0.236 -0.400
                         100    50  Democrat                 50 -0.111  0.406
  84 100  0.080 -0.014   100    51  Democrat                 51 -0.162  0.357
                         200    48  Republican               48  0.244 -0.403
  85  99  0.080 -0.051   100    51  Democrat                 51 -0.177  0.345
                         200    48  Republican               48  0.251 -0.413
  86 104 -0.134  0.063   100    67  Democrat                 67 -0.261  0.338
                         200    37  Republican               37  0.254 -0.418
  87 106 -0.122  0.076   100    66  Democrat                 66 -0.284  0.353
                         200    40  Republican               40  0.268 -0.440
  88 104 -0.161  0.111   100    71  Democrat                 71 -0.291  0.334
                         200    33  Republican               33  0.221 -0.474
  89 103 -0.164  0.117   100    70  Democrat                 70 -0.298  0.376
                         200    33  Republican               33  0.298 -0.480
  90 102 -0.167  0.115   100    65  Democrat                 65 -0.298  0.380
                         200    37  Republican               37  0.259 -0.494
  91 103 -0.116 -0.002   100    58  Democrat                 58 -0.318  0.370
                         200    45  Republican               45  0.251 -0.525
  92 103 -0.076 -0.082   100    55  Democrat                 55 -0.307  0.375
                         200    46  Republican               46  0.245 -0.588
  93 103 -0.113  0.021   100    57  Democrat                 57 -0.327  0.407
                         200    44  Republican               44  0.263 -0.563
  94 101 -0.189  0.039   100    61  Democrat                 61 -0.324  0.428
                         200    38  Republican               38  0.266 -0.577
  95 105 -0.194  0.059   100    66  Democrat                 66 -0.319  0.443
                         200    38  Republican               38  0.267 -0.608
  96 102 -0.147  0.016   100    60  Democrat                 60 -0.299  0.420
                         200    41  Republican               41  0.223 -0.616
  97 102  0.020 -0.077   200    55  Republican               55  0.265 -0.539
                         100    46  Democrat                 46 -0.293  0.401
  98 102  0.021 -0.098   200    56  Republican               56  0.261 -0.477
                         100    46  Democrat                 46 -0.304  0.333
  99 102  0.008 -0.106   200    55  Republican               55  0.266 -0.453
                         100    47  Democrat                 47 -0.329  0.314
 100 101 -0.147 -0.121   100    54  Democrat                 54 -0.331  0.314
                         200    47  Republican               47  0.269 -0.457
 101 102 -0.176 -0.049   100    56  Democrat                 56 -0.331  0.242
                         200    46  Republican               46  0.279 -0.458
 102 103 -0.201 -0.047   100    58  Democrat                 58 -0.336  0.194
                         200    45  Republican               45  0.296 -0.459
 103 102 -0.219 -0.095   100    58  Democrat                 58 -0.347  0.168
                         200    44  Republican               44  0.329 -0.386
 104 104  0.025 -0.169   200    55  Republican               55  0.353 -0.345
                         100    49  Democrat                 49 -0.348  0.119
 105 101  0.076 -0.135   200    55  Republican               55  0.384 -0.313
                         100    46  Democrat                 46 -0.350  0.079
 106 103  0.070 -0.117   200    56  Republican               56  0.377 -0.320
                         100    47  Democrat                 47 -0.344  0.117
 107 102 -0.024 -0.058   200    51  Republican               51  0.392 -0.279
                         100    50  Democrat                 50 -0.346  0.120
 108 101  0.057 -0.065   200    52  Republican               52  0.402 -0.262
                         100    48  Democrat                 48 -0.355  0.119
 109 102  0.127 -0.111   200    56  Republican               56  0.434 -0.204
                         100    45  Democrat                 45 -0.376  0.032
 110 103  0.036 -0.071   200    52  Republican               52  0.456 -0.193
                         100    50  Democrat                 50 -0.374  0.119
 111 108 -0.259  0.009   100    63  Democrat                 63 -0.380  0.106
                         200    44  Republican               44  0.492 -0.142
 112 102 -0.208 -0.019   100    53  Democrat                 53 -0.365  0.033
                         200    48  Republican               48  0.532 -0.119
 113 104 -0.250  0.015   100    56  Democrat                 56 -0.400  0.041
                         200    46  Republican               46  0.576 -0.058
